upstream 0 2.83471488306439e-12 0.0135158988910284 0 0
upstream 1 1.94088582575837e-13 0.00808147921889083 0 0
upstream 2 2.99297699355389e-13 2.57156361748804e-12 0.00164652158451199 0.00385253909508291
upstream 3 3.17256396967221e-12 0.00486035537087574 0 0
upstream 4 3.81331521896727e-13 0.00315708733990696 0 0
upstream 5 2.29047708208539e-12 0.01177379932949 0 0
upstream 6 6.76700208001693e-12 4.2987761784745e-12 0.0160641686127043 0.0107936892601632
upstream 7 1.74911758390073e-12 0.00763631263234933 0 0
upstream 8 1.48110987384927e-12 0.00534253642651746 0 0
upstream 9 5.48610208449064e-12 0.0149311277325492 0 0
upstream 10 1.5317665325123e-12 0.00382083568530385 0 0
upstream 11 3.15638467402648e-12 0.00604812873087125 0 0
upstream 12 6.82556358003385e-13 0.00360469218521602 0 0
upstream 13 1.58334769382792e-12 0.0105138046973768 0 0
upstream 14 1.15445308292598e-12 0.00680090510042212 0 0
upstream 15 2.97988877290824e-12 0.0119727200262837 0 0
upstream 16 7.84893609032219e-13 0.00444175884544682 0 0
upstream 17 2.33485423190707e-12 0.00464406588320366 0 0
upstream 18 4.75526232942738e-13 0.00220318067400682 0 0
upstream 19 4.3328531922368e-12 0.00903318265975664 0 0
upstream 20 3.38548406827899e-07 3.48730303534984e-05 3.92501182231746e-08 4.04389618089446e-06
upstream 21 1.04396823103427e-05 0.00107698900162726 1.39879659489378e-06 0.000145324477376717
upstream 22 3.94498531707857e-07 4.06450542798263e-05 2.04191947812648e-07 2.10387616461084e-05
upstream 23 8.31960896035203e-08 8.56933876992211e-06 5.38373322409507e-09 5.54562989998349e-07
upstream 24 6.03383275353893e-07 6.25254185835366e-05 6.46839424632746e-08 6.66578412140375e-06
upstream 25 5.93063294044698e-13 0.00450097796015665 0 0
upstream 26 3.92348848448544e-13 0.0141268866601943 0 0
upstream 27 7.36932541550097e-12 0.0231103280688852 0 0
upstream 28 2.88548979180868e-12 0.0184603049184432 0 0
upstream 29 3.12240090233682e-12 0.00688193261032121 0 0
upstream 30 4.33250128536163e-13 0.00190117546480459 0 0
upstream 31 2.03670507485839e-12 0.0102569605840965 0 0
upstream 32 3.62043901855213e-12 0.0131400750237722 0 0
upstream 33 1.85510366155176e-12 0.00499398432271574 0 0
upstream 34 3.83969955440335e-13 0.00221754466368789 0 0
upstream 35 1.99416605204141e-13 0.0024828084147554 0 0
upstream 36 4.72244749868713e-12 0.0075363827586346 0 0
upstream 37 7.24128890996697e-14 0.000150583544533707 0 0
upstream 38 3.37155990440505e-12 0.0114076833081736 0 0
upstream 39 3.70501774136861e-12 0.0128304982219081 0 0
upstream 40 1.47441307783991e-12 0.0105591334499903 0 0
upstream 41 4.40364307431832e-13 0.00835651132550652 0 0
upstream 42 0.00016260086875333 0.00277571242797746 0.000183984757805382 0.00318471170753885
upstream 43 0.000210119946769047 0.00289920126761263 0.000231335793664023 0.00323837542781949
upstream 44 0.000192144179605652 0.00296597200619032 0.000209204338520015 0.00328956369199956
upstream 45 0.000144013393416816 0.00269388587613166 0.000172165578692504 0.00327185527637301
upstream 46 0.000165254491946848 0.002821467647868 0.000192496215616924 0.00334178309653802
upstream 47 5.94312535049242e-12 0.0181811172130214 0 0
upstream 48 9.01956136733455e-13 0.0136103459887746 0 0
upstream 49 6.85203355164563e-13 0.00217918829529225 0 0
upstream 50 1.69645842211677e-13 0.00857613094258754 0 0
upstream 51 3.5010417210871e-12 0.0111142242010475 0 0
upstream 52 3.36081366396523e-12 0.0070173547769939 0 0
upstream 53 1.8110098253267e-12 0.00853656192091457 0 0
upstream 54 4.36724293080161e-13 0.0089838565254925 0 0
upstream 55 1.02547921088846e-12 0.00850572768365216 0 0
upstream 56 3.04630235667286e-12 0.0138822839698748 0 0
upstream 57 1.2808892901786e-12 0.00626660353089456 0 0
upstream 58 4.20780549864859e-07 7.11708232027934e-06 1.25244974830862e-07 2.1191375371886e-06
upstream 59 1.1193455357961e-07 1.78196052843718e-06 9.53771176064744e-10 1.51829632280052e-08
upstream 60 4.05020527097091e-06 5.26683396642564e-05 4.87422090473274e-07 6.33943471655635e-06
upstream 61 1.97070253790991e-06 1.28734545800157e-05 1.30025023314964e-06 8.49831678355327e-06
upstream 62 6.27395463045927e-06 3.41974831389419e-05 1.33923976453324e-06 7.30275476796127e-06
upstream 63 3.42570521127353e-08 2.89630703472353e-07 4.32642067417533e-08 3.65780662760791e-07
upstream 64 3.28341630441266e-07 2.00006024170462e-06 1.79800452870764e-08 1.09516901914807e-07
upstream 65 2.00928853417058e-06 1.69822535074956e-05 2.34446582625111e-07 1.98244420116471e-06
upstream 66 3.30990726596006e-13 0.00991899924316909 0 0
upstream 67 9.23586051705395e-13 0.00781233852270344 0 0
upstream 68 1.39669075694646e-12 0.0134101312027899 0 0
upstream 69 4.88362152566178e-12 0.0100814831107864 0 0
upstream 70 2.3452818096785e-07 2.77561991319334e-06 3.33709143017258e-08 3.94969518754461e-07
upstream 71 7.44270165350664e-06 0.000118453533540479 9.91852579339068e-07 1.58047610896437e-05
upstream 72 8.90014683426904e-07 2.50231701183933e-07 1.23886927123306e-05 3.48555828957215e-06
upstream 73 6.90334839370429e-07 6.83346778341912e-08 1.02350876914822e-05 1.01315149977631e-06
upstream 74 1.3408129193199e-06 1.45626373564418e-06 1.58512783155384e-05 1.72162650237153e-05
upstream 75 1.1436795266049e-12 2.03349194713637e-14 0.00311759636143731 0.00322470489246266
upstream 76 4.44962676112644e-12 3.51237567890969e-12 0.010018082899212 0.0110113896607293
upstream 77 1.97636780783039e-12 1.03066781554634e-12 0.0100327270223456 0.00253052121118978
upstream 78 3.88087900714329e-13 1.127425819701e-12 0.0033021600203994 0.00694921959350603
upstream 79 1.24885050881793e-12 4.4775247143818e-12 0.00296571459862118 0.0134136781415922
upstream 80 1.05053535659284e-12 2.09094555771193e-12 0.0108900024054454 0.00827951561320946
upstream 81 3.54718578469825e-07 1.71482193096447e-06 4.8331695423356e-06 2.33682952346142e-05
upstream 82 1.70845472007343e-08 2.35179999754997e-06 2.60525212661193e-07 3.57934004500563e-05
upstream 83 7.46340221748254e-07 7.05290647181242e-06 1.62331384438527e-05 0.0001532745445256
upstream 84 2.75004525836421e-06 1.62402529560171e-06 5.02539408345922e-05 2.96601830030416e-05
upstream 85 3.42278938005407e-06 4.38632056601621e-06 4.83783751466324e-05 6.20386220212014e-05
upstream 86 0.000946216085940786 0.00131186017839907 0.0266568279819119 0.0342212868047159
upstream 87 0.00130967522487045 0.0012672269094642 0.0337482287393219 0.0381598594993004
upstream 88 0.00119349961029791 0.00150415685445405 0.0305320157493081 0.0380434632449747
upstream 89 0.00147427189022052 0.00126659399894165 0.0386434764580929 0.0329920250111462
upstream 90 0.00122758055611204 0.00122705752295997 0.0237659137429359 0.0236263218701872
upstream 91 7.25545910360469e-09 2.31891707930526e-07 1.7895221659212e-07 5.72026640559751e-06
upstream 92 2.31745153501778e-06 5.34022883138808e-06 6.04353678040191e-05 0.000139653621939689
upstream 93 8.07093077750568e-09 4.64476111278002e-06 7.12038391727396e-08 4.09647523925419e-05
upstream 94 5.44501639620404e-07 4.74186166272982e-06 5.44950249511653e-06 4.74482833399317e-05
upstream 95 4.12018468751651e-07 1.46234864410471e-06 5.76943406839668e-06 2.04559101243411e-05
upstream 96 0.00014659532013249 0.000146721554776269 0.00208065111634332 0.00207881636694687
upstream 97 0.000166323925315139 0.000145637201389552 0.00223479968952061 0.0019559809265491
upstream 98 0.000303488205304239 0.00030381795140873 0.015521599713456 0.0155388950142891
upstream 99 0.000340945022384882 0.000340657871656425 0.0155684739381702 0.0155542627600706
gene 0 5.7985750419976e-05 5.79938540805069e-05 0.00655710970515347 0.00655803653398391
gene 1 5.32811435237548e-05 5.32837523360218e-05 0.00637603777966092 0.00637634571148948
gene 2 1.81610097834834e-05 0.00306615448317045 9.2893273591123e-06 0.00158806504390413
gene 3 2.38738535016128e-05 0.00346373754090752 9.89278660693738e-06 0.00145568713642649
gene 4 1.73358276690286e-05 0.00263738349685823 8.18138594677037e-06 0.0012573199335514
gene 5 1.85090520338543e-05 0.00207454865386426 7.8409302582475e-06 0.000886381096379099
gene 6 7.78335309152427e-06 7.7881118302158e-06 0.000896288165343053 0.000896840597168845
gene 7 2.55728514440849e-06 0.000285317223097737 6.44082150983827e-06 0.000720298672200829
gene 8 1.87202428840477e-06 0.000232327692826823 7.39057247492041e-06 0.000919693511504375
gene 9 1.60658346920574e-09 2.7429776889601e-07 2.59284756682241e-06 0.0004429447831853
gene 10 2.13048412938946e-08 3.30845118431995e-06 3.20114546820934e-06 0.000497611046724977
gene 11 4.54050004271761e-09 1.19173938947468e-06 5.20537422031907e-06 0.00137018157291537
gene 12 3.03284854544204e-10 5.78160458514953e-08 3.27606515024844e-06 0.000625465542695536
gene 13 1.2821795266161e-09 3.3450495291268e-07 2.78362435597584e-06 0.000726772566171631
gene 14 3.22303341775173e-11 9.36401061703268e-09 1.19162083403657e-06 0.000345858219118544
gene 15 2.37677118049833e-10 6.97964432538888e-08 2.63381798524573e-06 0.000773229271813242
gene 16 9.37824885691571e-08 2.46528185869407e-05 2.68043300030568e-06 0.000705651277338376
gene 17 1.26375681409656e-08 3.39474678280646e-06 1.43554550328493e-06 0.000385976090543874
gene 18 3.3060691203401e-10 1.43700679524575e-07 1.40047687853708e-06 0.000608570155856485
gene 19 1.25190849578028e-07 4.90196375721436e-05 2.71333482878675e-06 0.00106550593292159
gene 20 9.00635363095114e-06 0.00258325098785744 6.90915482733621e-06 0.00200647125360724
gene 21 8.90520074837523e-06 0.0021830686475026 7.06811881559066e-06 0.00174908211439213
gene 22 2.16331958639715e-05 0.0080758210568047 7.23888513754311e-06 0.0027906822670022
gene 23 2.22888430803291e-05 0.0120508885183766 8.23326729261908e-06 0.00466693137156494
gene 24 2.21742905082541e-05 0.0109178786821983 7.60505911820821e-06 0.00391405052304267
gene 25 2.63886905554155e-05 0.0147135889658268 7.47392148243635e-06 0.00439967994157446
gene 26 5.77334574407494e-06 0.00680254369802246 2.65040788069559e-06 0.00321074306652324
gene 27 7.10976804061345e-06 0.0222006968257114 8.59804918759113e-06 0.0373761103972927
gene 28 8.95064038663006e-10 5.71238531370834e-07 1.87509812358085e-06 0.00120035443684192
gene 29 4.12917967781952e-11 2.6408310765366e-08 5.14895629756226e-07 0.000329362623819776
gene 30 1.22555636754373e-08 8.05993410284071e-06 2.67035438847757e-06 0.00176277921327131
gene 31 6.8749364664998e-11 3.68410036544287e-08 2.72024191786631e-06 0.00146325088043076
gene 32 2.58336330925994e-11 1.37574390494088e-08 3.08938715383801e-06 0.00165518731310548
gene 33 6.33556828831459e-09 1.6958114759898e-06 1.93465382779445e-06 0.000518582421974865
gene 34 1.96786422554435e-06 0.000626602746732337 1.7974107021869e-06 0.000574209863392618
gene 35 2.31287415878983e-06 0.000651668441501157 2.67370258568677e-06 0.000756178553601358
gene 36 1.70968557434774e-05 0.00485545218543291 4.57157765368579e-06 0.00132377330607819
gene 37 1.65219599517126e-05 0.00429989610786867 4.30784798011314e-06 0.00114000001915536
gene 38 1.63030736725878e-05 0.00428506666996144 4.41120116935032e-06 0.00117974089934692
gene 39 1.6537846417166e-05 0.00829679314362543 4.64640063329279e-06 0.00240257394893465
gene 40 1.50933985299132e-05 0.0112050164660246 4.30425892349881e-06 0.003332853013643
gene 41 1.54965026382583e-05 0.00611007628972177 8.32647266084182e-06 0.00337267147408872
gene 42 1.62565717449722e-06 0.000599649630596892 6.85399477022343e-06 0.00254491941251938
gene 43 1.50527627867937e-06 0.000667467358178099 6.32006440170924e-06 0.00282295010970653
gene 44 6.74556072948629e-06 0.00121387734445606 7.49285313719466e-06 0.00135516492319632
gene 45 1.48401140737036e-05 0.00216137770171071 8.18495588451621e-06 0.0012031454900515
gene 46 1.93582944938157e-05 0.00254065182759293 1.08859738627554e-05 0.00144542290932698
gene 47 1.80239517446215e-05 0.00260873508945995 8.12446064793359e-06 0.0011887572741624
gene 48 2.72700416748558e-05 0.00283463917065975 8.67989532218367e-06 0.00091312951221434
gene 49 2.7826808409149e-05 0.00290893464650528 8.3233503503237e-06 0.000880373341770623
gene 50 2.12061631996995e-05 0.00283149783790593 8.91851366057413e-06 0.00120412905993094
gene 51 1.19657813717133e-05 0.00183275348841435 8.08044354484618e-06 0.00124752366530638
gene 52 1.70365890095763e-05 0.00284831680844587 5.49648880961552e-06 0.000933783339611214
gene 53 3.15605430469481e-05 0.00592792870330497 7.60560894049739e-06 0.0014590879862937
gene 54 2.89566246371342e-05 0.00740217088710457 6.99899304804115e-06 0.00184282288067502
gene 55 2.86303707644355e-05 0.00739702935740471 7.29064314762354e-06 0.00193975051023568
gene 56 2.86282534981988e-05 0.0110759109575391 6.92134698074909e-06 0.00275907870788879
gene 57 2.62016686882516e-05 0.0111878803063264 6.42835827583907e-06 0.00284331998475137
gene 58 2.23265598792734e-05 0.0109727451352368 6.04808393073508e-06 0.00307935651054027
gene 59 1.05899687157077e-05 0.00576868944838259 2.96454462438162e-06 0.00164911176707423
gene 60 4.14240899820676e-06 0.00282106953770992 4.11281310693405e-06 0.00284252675328901
gene 61 3.98720869859963e-06 0.00228133755424383 4.1590454236029e-06 0.00241159063224862
gene 62 8.18948645334268e-08 5.00576701614406e-05 3.297126861917e-06 0.00202661529013071
gene 63 3.36354091784488e-11 1.31570270478003e-08 2.35937404676199e-06 0.000923576285972932
gene 64 2.22555929933058e-09 7.83868672304991e-07 3.04797225666085e-06 0.00107593625901475
gene 65 3.17969406745016e-06 0.000952724253472432 6.56852315769876e-06 0.00198545473213171
gene 66 1.16205310920415e-05 0.00291802090438239 7.58548253735374e-06 0.00193022945957336
gene 67 1.28773027878205e-05 0.0029204583821575 7.64092571818146e-06 0.00175274077847926
gene 68 1.99268377481362e-05 0.00363468175520348 9.04319844053998e-06 0.00167457206708405
gene 69 2.25513615877258e-05 0.00438031469943741 8.26943319234822e-06 0.00163307342293287
gene 70 2.51791525748039e-05 0.00451541933882334 7.97619985589655e-06 0.00145655920776177
gene 71 1.27190621027328e-05 0.00212191388887044 6.79595674457797e-06 0.00114372963459347
gene 72 1.78486551918697e-05 1.82748823085715e-05 0.0036918888928922 0.00378125995151693
gene 73 2.30684914095431e-05 2.30610338903063e-05 0.00514640155405029 0.00514319101823892
gene 74 2.9508564167481e-05 2.9615593263316e-05 0.00619644371103987 0.00626632106162728
gene 75 2.96177780166157e-05 2.96853941709379e-05 0.00736956410912082 0.00736020862987951
gene 76 5.65360671588496e-05 5.74794358723667e-05 0.00985230599078527 0.0100321814493577
gene 77 5.66615131114308e-05 5.51673067621685e-05 0.0118819944681402 0.0115407046105762
gene 78 4.45971159702622e-05 4.06784382126487e-05 0.0101446387713534 0.00925361166993389
gene 79 3.6097529848122e-05 3.65337990454841e-05 0.00792648003688545 0.0080447313609541
gene 80 2.27404615213971e-05 2.27380402691956e-05 0.00527156175623629 0.00527097484503993
gene 81 5.13625926490157e-05 5.25814288191461e-05 0.00949656837641692 0.0096140559595061
gene 82 3.21256380132752e-05 3.21219487777255e-05 0.0105713079289345 0.010569923074543
gene 83 3.81778577550361e-05 3.81747904487611e-05 0.00794053061137868 0.00793975595129039
gene 84 4.44251333848612e-05 4.44508719306624e-05 0.00858771055588013 0.00859279908378647
gene 85 3.94769926824218e-05 3.94803358987313e-05 0.00735439180090096 0.00735498813331373
gene 86 3.21710283212768e-05 3.2168782443518e-05 0.00602070101996714 0.00602030190655627
gene 87 2.61194161703517e-06 2.62618865489688e-06 0.000444423087262083 0.000446837957394074
gene 88 3.68386256246631e-06 3.51083594843476e-06 0.000511506829043677 0.000487430315777687
gene 89 5.51436508772612e-10 6.58490362238108e-10 7.51848535895881e-08 8.9783544621797e-08
gene 90 7.7513979326714e-10 7.70208306844441e-09 1.0210349576563e-07 1.01442467678512e-06
gene 91 1.1323602296273e-09 1.23843541168996e-09 1.54114578642338e-07 1.68569361809805e-07
gene 92 2.74612071241532e-07 2.67233632227959e-07 4.36386785029843e-05 4.24658262946732e-05
gene 93 8.89398240446969e-06 8.88794710030029e-06 0.00150381563820064 0.00150278980110219
gene 94 1.94227505831743e-05 1.94264929864022e-05 0.00331555900192188 0.00331620324875958
gene 95 3.30083195480914e-05 3.2801727147662e-05 0.00624040174418185 0.00620191470949913
gene 96 2.93408276793102e-05 3.01498627661525e-05 0.00553716732695294 0.00569181164739141
gene 97 3.24889430761032e-05 3.33458864931996e-05 0.00548133957748272 0.00564269260639509
gene 98 3.92449875305793e-05 3.88532449576916e-05 0.00501775868112485 0.00496399302680172
gene 99 3.82830483365113e-05 3.80712907916041e-05 0.00480400941307778 0.004774723604463
downstream 0 2.07922443395761e-09 1.36837881139724e-09 1.99456399490003e-08 1.31271210457684e-08
downstream 1 2.10585203867078e-07 2.40062438291183e-06 0.000132158534311805 0.00151084899786805
downstream 2 3.65088953774515e-07 3.80891995894784e-06 0.000156814878543796 0.00164178585164346
downstream 3 1.24469280845954e-08 1.74257725681172e-07 0.000194210428696291 0.0027213347808762
downstream 4 0.00143431640997991 0.0123661946019362 0.000368413533234928 0.00334936833133211
downstream 5 0.00170631465382713 0.0141020515843048 0.000390960513051324 0.00343568519469198
downstream 6 0.00208594157443505 0.0158664283224093 0.0005357921284605 0.00435864689398721
downstream 7 0.00161812459146139 0.00931007658536972 0.000437992013743653 0.00263177190347848
downstream 8 0.00158318683516123 0.0073972179818781 0.000437990937037705 0.00212471026766681
downstream 9 0.00061750290428537 0.00465009666320938 0.000344235591047214 0.00264970956435327
downstream 10 0.000467757419341421 0.00449496721829662 0.000264613864030585 0.00260246376943277
downstream 11 0.000241826396330379 0.00158859866454699 0.000135932904769687 0.000900083042955598
downstream 12 0.000272831850586615 0.00257287106424452 0.000158205755303996 0.00151081032586813
downstream 13 0.000317499657080309 0.00278137399576393 0.000171875627125515 0.00152619015613923
downstream 14 0.000258269312891892 0.00131587160289362 0.000130326081027504 0.000668549088247103
downstream 15 0.000277461622567594 0.0011819908426712 0.00016063594880218 0.000689119472954028
downstream 16 0.000511722455667444 0.00221221679376781 0.000234443238704419 0.00102482543266914
downstream 17 0.000576749434804975 0.00241606677246417 0.000259591380422718 0.00110088686298441
downstream 18 0.000559390049924508 0.0025220700399272 0.000370640131719224 0.00169381231085159
downstream 19 1.90787849156291e-05 0.000166621087456377 0.000341557331807971 0.00300625925810281
downstream 20 2.02331425543108e-08 8.02594286269333e-08 0.000340235713998031 0.00135177648486026
downstream 21 3.40621688427972e-08 1.45352024828098e-07 0.00023178019527492 0.000990222514517384
downstream 22 1.4347653084817e-06 4.19723550641679e-06 0.000334468032722704 0.000982931577675012
downstream 23 1.11958911776427e-07 2.37722748362585e-07 0.000287391337323418 0.000610398827033332
downstream 24 4.92814084248743e-07 1.01945849995341e-06 0.000258637056000325 0.000535543617565578
downstream 25 4.09915630395213e-08 1.12027987392971e-07 0.000229296859955973 0.000627764708744343
downstream 26 7.9635557736355e-09 2.19874863430633e-08 0.000336859887811823 0.000934551729805729
downstream 27 5.58003189548778e-09 2.0537636481942e-08 0.00029070539826455 0.00107486901779446
downstream 28 4.94066149095257e-09 2.07270674125381e-08 0.000305051988334304 0.00128261900118313
downstream 29 4.1820697960216e-08 1.58566694880336e-07 0.000276186179209438 0.00105093953646085
downstream 30 5.07917357577769e-10 1.85787435253258e-09 0.00022173922495502 0.000811831470210728
downstream 31 7.25388814071694e-08 2.46184950685037e-07 0.00020687607263856 0.000703553667995527
downstream 32 0.00118861687834523 0.00342684098686255 0.000280710738163841 0.00082423887105694
downstream 33 0.000948138406113933 0.00333237291003945 0.000254486795155941 0.000909900793669858
downstream 34 0.00123235649807583 0.00503285262130071 0.000238382114737059 0.000999780876137363
downstream 35 0.00134535678285211 0.00689893729977691 0.000243601956860085 0.00128697793407952
downstream 36 0.000861991801681388 0.0044682720493415 0.000212290906346565 0.00112422778124466
downstream 37 0.000451866913706714 0.00486281768528187 0.000159522236227031 0.00175365405476609
downstream 38 0.000456808051459927 0.00404021798788286 0.000170680925667788 0.00153740154811132
downstream 39 0.000378488161769387 0.00262150968947439 0.00016678815132564 0.00116791116767847
downstream 40 0.000959731697860073 0.00461794674847898 0.000271703843792929 0.00133674708065307
downstream 41 0.00113240620173748 0.00616592036630825 0.000338149128527673 0.00189471472568708
downstream 42 0.000989654066255956 0.0039775824175284 0.000355883747739489 0.00145916434363006
downstream 43 0.00084341119077934 0.00331700851669591 0.000302615016220665 0.00121174708745333
downstream 44 0.00144790118444291 0.00558673667074357 0.000328188493952453 0.00130128537714854
downstream 45 0.00113205688625132 0.00579194255505612 0.000259017536661218 0.00136050567201929
downstream 46 0.000982837545842481 0.00476770971508939 0.000284973301427236 0.00141466653331624
downstream 47 0.000833413666591634 0.00561817665243779 0.000246335570602448 0.00170336501989878
downstream 48 0.00149831851260606 0.0133550136102697 0.000416698992722639 0.00392067669488467
downstream 49 0.00150962730800127 0.0107938302889077 0.000456067623534416 0.00348503191860157
downstream 50 0.00204072794736831 0.00972130080308425 0.000496291624445381 0.00247472008178436
downstream 51 0.00111550474851372 0.00425188517777859 0.000476940400204937 0.00185757254973537
downstream 52 0.0010083120782966 0.00382139930211842 0.000459376624860271 0.00177620155362496
downstream 53 0.000420827729679308 0.00143195437224805 0.000290276258029673 0.000995866792198538
downstream 54 1.81626111216889e-08 6.92909371017002e-08 0.000181932401753549 0.000695971537689484
downstream 55 1.57855154455844e-08 6.60705288420061e-08 0.000160624956747449 0.000674059678453215
downstream 56 0.000127848624927095 0.00063351175594498 0.000133978258069486 0.000666584829855855
downstream 57 0.000204392641459062 0.000977460136241886 0.00014787782104987 0.00071089222895749
downstream 58 0.000543398752672058 0.00266632410707312 0.000185397117943789 0.000921511998632517
downstream 59 0.000821483231485391 0.00440540687122863 0.000275994004164508 0.00150979440903542
downstream 60 0.000665426355818422 0.00370306909415134 0.000255463602708587 0.00144699983562845
downstream 61 0.000528076576317478 0.00244371649298288 0.00025611639725692 0.00119968885325018
downstream 62 0.000796469842393017 0.00325109240622317 0.000302656252181715 0.00125635637205166
downstream 63 0.000253767383074847 0.000993084048023313 0.000208213051335751 0.00082009182202792
downstream 64 1.70316860762887e-06 7.37649633846923e-06 0.000130654678093639 0.000567291679439037
downstream 65 2.08064680377751e-08 1.02968308754202e-07 0.000128160641462593 0.000635471803902663
downstream 66 0.000737366714013596 0.00571208216485715 0.000203239282992936 0.00161575092492399
downstream 67 0.000417023411372702 0.00267698772798038 0.000154025595044191 0.00100038662855082
downstream 68 0.000889547769624218 0.00575313148329067 0.000117932632457476 0.000782325521742847
downstream 69 0.000898059430392391 0.00499390633300192 0.000156125557552122 0.000888164758958616
downstream 70 0.000856546469604181 0.004733279099833 0.00013082307367993 0.000739017146377139
downstream 71 0.000419609694428071 0.00194814748286423 0.000142367585880992 0.00066746265584113
downstream 72 0.00066601285885046 0.000665900691301452 0.0038426885822476 0.00384204538787034
downstream 73 0.000685357365795063 0.000685319772274957 0.00440760463178969 0.00440735562654698
downstream 74 0.000610077408745516 0.000610076227930828 0.00421824190907814 0.00421820955967681
downstream 75 0.000770109941619805 0.000770132634906934 0.00502420790285147 0.00502430543622628
downstream 76 0.000760417809969057 0.000760480440785429 0.00535752128890713 0.00535801413822386
downstream 77 0.000650733375786901 0.000643633387315298 0.00387893636031231 0.00383578609578366
downstream 78 0.000183247862735261 0.000183331823439536 0.00099887900346422 0.000999342455148021
downstream 79 0.000956255429135196 0.000956138862259305 0.00499333731645001 0.00499269925881177
downstream 80 0.000782805071324153 0.000782819337680503 0.00359859213302242 0.00359864252583018
downstream 81 0.000878415778984164 0.00087843536206697 0.00406066138594641 0.0040607480419786
downstream 82 0.000814599131180129 0.000814639576729704 0.00383620165370376 0.00383639803782738
downstream 83 0.000899779671530806 0.00086335620515259 0.0037585866991271 0.00360454100360848
downstream 84 0.000339815964653886 0.000405329154903775 0.00147982859375004 0.0017680377871148
downstream 85 0.0004645222239938 0.000464485937881077 0.00213485268611362 0.00213467231089004
downstream 86 0.00064398867441177 0.00064376546981262 0.0028194772609072 0.00281847393826636
downstream 87 0.000611667604276517 0.000611569492596931 0.00293568188679256 0.00293520967161228
downstream 88 0.000707578658599623 0.00070766717314091 0.00492029383589215 0.00492092757028683
downstream 89 0.000796947450410482 0.000796914616586579 0.00506250906482884 0.0050622999511712
downstream 90 0.000627492500277898 0.00062746677239177 0.00477399512530211 0.00477379618742864
downstream 91 0.000373729889959944 0.000373718625352107 0.00327201568417293 0.00327190896572304
downstream 92 0.000365626121179167 0.000365677774475738 0.00298088597914674 0.00298131445862205
downstream 93 0.00018056598935465 0.000180511531123465 0.0013480547658373 0.00134764901569106
downstream 94 0.000105774070948389 0.000105857356801435 0.000844098861571616 0.000844763483842224
downstream 95 0.000189542649200311 0.000189578505680206 0.00142530553096858 0.00142557394445292
downstream 96 0.00021064164735155 0.00021063521449819 0.00163465081670095 0.00163459502950731
downstream 97 9.55218615870256e-05 9.5468799782914e-05 0.000868396310911709 0.000867908453437925
downstream 98 8.04484971484475e-05 8.04739059480547e-05 0.000684870795765322 0.0006850843176619
downstream 99 0.000249709881250169 0.000249676693735142 0.00246896245085229 0.00246863259602887
